SCMBranch=GIS
SCMRepository=GIS/Internet Web Sites/GISWebsiteNew/assets/img/example-sites
SCMMainlineUUID={8da4d26a-0384-4e32-b08d-093e5657a8ae}
SCMBranchRepositoryID=3503
8020select.png;24060228;1;1374906998;|10286|4294967295
adoptahydrant.png;3731891651;1;1374906998;|10287|4294967295
breakingnews.png;1698925375;1;1374906998;|10288|4294967295
fleetio.png;629211450;1;1374906998;|10289|4294967295
gathercontent.png;1994656213;1;1374906998;|10290|4294967295
jshint.png;2778078950;1;1374906998;|10291|4294967295
kippt.png;2234630853;1;1374906998;|10292|4294967295
soundready.png;1550080991;1;1374906998;|10293|4294967295
