SCMBranch=GIS
SCMRepository=GIS/Internet Web Sites/GISWebsiteNew/Maps/assets/img
SCMMainlineUUID={8da4d26a-0384-4e32-b08d-093e5657a8ae}
SCMBranchRepositoryID=3432
Address-Points-Glendale-Arizona.JPG;2859905882;1;1390580568;|9688|4294967295
Address.JPG;3564808779;1;1395078069;|9689|4294967295
AddressBlur.jpg;3460152832;1;1410884898;|9690|4294967295
AddressFinder.png;2743017074;1;1410901673;|9691|4294967295
AddressLocator.png;2449692295;1;1410894603;|9692|4294967295
AddressPointExtract_Thb.png;2209755139;1;1411597399;|9693|4294967295
Annexations-Glendale-Arizona.JPG;2437710350;1;1390580947;|9694|4294967295
Background.jpg;930767542;1;1391548433;|9695|4294967295
Bike-Routes-Glendale-Arizona.JPG;3371551973;1;1391125908;|9696|4294967295
Building-Footprints-Glendale-Arizona.JPG;142933117;1;1390580393;|9697|4294967295
Capture.JPG;2243116360;1;1411597911;|9698|4294967295
Capture1.JPG;1422099205;1;1411597888;|9699|4294967295
Capture2.JPG;797480974;1;1411597842;|9700|4294967295
City-Limits-Boundaries-Glendale-Arizona.JPG;2271926520;1;1390580757;|9701|4294967295
Contours-Topography-Glendale-Arizona.JPG;4040568516;1;1392331121;|9702|4294967295
Contours.png;1479383750;1;1410891953;|9703|4294967295
Council-Districts-Glendale-Arizona.JPG;2695551669;1;1390581013;|9704|4294967295
D_3A_DFung_My_Pictures_Glendale_AerialSwipe_Thb.png;3354411575;1;1411597840;|9705|4294967295
Elevation-Points-Glendale-Arizona.JPG;1609826658;1;1390587336;|9706|4294967295
General-Plan-Glendale-Arizona.JPG;1648697556;1;1390580884;|9707|4294967295
GeneralPlan.png;2721553645;1;1410889065;|9708|4294967295
Glendale Logo 3.png;1844740671;1;1601939557;|9709|4294967295
Glendale311IncidentMonitor.png;957803139;1;1450114600;|9710|4294967295
Glendale311IncidentMonitor2.png;3142104350;1;1450129367;|9711|4294967295
GlendaleLogo2.png;2791338346;1;1600375397;|9712|4294967295
Glitters.JPG;1961596549;1;1392994641;|9713|4294967295
Golf-Courses-Glendale-Arizona.JPG;2332289663;1;1391189657;|9714|4294967295
Historic-Districts-Glendale-Arizona.JPG;438523422;1;1391200533;|9715|4294967295
Imagery.JPG;3214422064;1;1392848628;|9716|4294967295
ImageryWater.JPG;785435214;1;1392848686;|9717|4294967295
Imagerytxt.jpg;2810477139;1;1392910123;|9718|4294967295
M.jpg;1162495333;1;1391184350;|9719|4294967295
MapTourStadium.jpg;4217439061;1;1392910630;|9720|4294967295
MyServices.png;1832182888;1;1410888608;|9721|4294967295
Neighborhood_sized.png;2649785906;1;1423589432;|9722|4294967295
OpenData.JPG;81854558;1;1393279424;|9723|4294967295
Parcels-Glendale-Arizona.JPG;4124217074;1;1390837858;|9724|4294967295
ParkFinder OLD.png;1625664671;1;1410887791;|9725|4294967295
ParkFinder.png;2946004513;1;1566947957;|9726|4294967295
ParkFinderThumb.png;559192992;1;1566947589;|9727|4294967295
Parking-Pavement-Glendale-Arizona.JPG;2183202295;1;1391201103;|9728|4294967295
ParkingLines-Glendale-Arizona.JPG;1044629665;1;1390587589;|9729|4294967295
Parks-Area-Glendale-Arizona.JPG;1173087892;1;1390587257;|9730|4294967295
Parks-Recreation-Points-Glendale-Arizona.JPG;15153817;1;1390581192;|9731|4294967295
Planning.png;1116946674;1;1434489857;|9732|4294967295
PublicSafety_BigSized.png;2940360438;1;1423771151;|9733|4294967295
PublicSafety_BigSized2.png;3066816097;1;1423772585;|9734|4294967295
PublicSafety_Heat_Sized.png;2700525617;1;1423770922;|9735|4294967295
PublicSafety_Sized.png;1665594395;1;1423769278;|9736|4294967295
Railroads-Glendale-Arizona.JPG;2334471955;1;1391204299;|9737|4294967295
Special-Districts-Glendale-Arizona.JPG;1234430635;1;1390581079;|9738|4294967295
Sports-Fields-Glendale-Arizona.JPG;3148255521;1;1390587414;|9739|4294967295
Street-Centerlines-Glendale-Arizona.JPG;2249784278;1;1390580688;|9740|4294967295
Subdivisions-Neighborhoods-Glendale-Arizona.JPG;148854236;1;1390587679;|9741|4294967295
Swipe.png;2244602873;1;1410887156;|9742|4294967295
Swipe2.png;1183889524;1;1418245376;|9743|4294967295
ThPark.JPG;2111408212;1;1392852282;|9744|4294967295
TransitTrackerMyLocation.png;43747799;1;1434490713;|9745|4294967295
TransitTrackerMyLocation_OLD.png;3826011748;1;1424364266;|9746|4294967295
TransitTrackerRoute.png;724189798;1;1424364226;|9747|4294967295
Under_Construction_Homer 2.png;2461709031;1;1370882160;|9748|4294967295
Water-Features-Glendale-Arizona.JPG;659918181;1;1390587288;|9749|4294967295
ZGP.png;195126723;1;1434477090;|9750|4294967295
Zip-Codes-Glendale-Arizona.JPG;4243628138;1;1391126612;|9751|4294967295
Zoning-Glendale-Arizona.JPG;1848052990;1;1390580854;|9752|4294967295
ZoningMap.JPG;1006919581;1;1392994520;|9753|4294967295
__Gisweb03_inetpub_wwwroot_Images_GlendaleImagery.jpg;3950314004;1;1411597843;|9754|4294967295
accent.png;1733376189;1;1379529836;|9755|4294967295
address4.JPG;3440731915;1;1411597885;|9756|4294967295
address_extract.png;3986217315;1;1603831938;|9757|4294967295
bootstrap-docs-readme.png;2693655698;1;1374906998;|9758|4294967295
bootstrap-mdo-sfmoma-01.jpg;1331862236;1;1374906998;|9759|4294967295
bootstrap-mdo-sfmoma-02.jpg;2235194929;1;1374906998;|9760|4294967295
bootstrap-mdo-sfmoma-03.jpg;1879058515;1;1374906998;|9761|4294967295
bs-docs-bootstrap-features.png;4068441110;1;1374906998;|9762|4294967295
bs-docs-masthead-pattern.png;2721994484;1;1374906998;|9763|4294967295
bs-docs-responsive-illustrations.png;2210430106;1;1374906998;|9764|4294967295
bs-docs-twitter-github.png;1574593570;1;1374906998;|9765|4294967295
bullet.png;1278388926;1;1379529836;|9766|4294967295
data.jpg;2193506589;1;1411149223;|9767|4294967295
glendaleservices.JPG;716627518;1;1411597894;|9768|4294967295
glyphicons-halflings-white.png;1132497828;1;1374906998;|9769|4294967295
glyphicons-halflings.png;1177048811;1;1374906998;|9770|4294967295
grey.jpg;697496204;1;1410883837;|9771|4294967295
grid-baseline-20px.png;1987188750;1;1374906998;|9772|4294967295
heroAccent.png;3779317737;1;1379529836;|9773|4294967295
heroAccent2.png;567560287;1;1394224848;|9774|4294967295
heroAccent2.psd;4138836525;1;1394224834;|9775|4294967295
heroAccent2_OLD.png;262887117;1;1391553574;|9776|4294967295
less-logo-large.png;1370617456;1;1374906998;|9777|4294967295
maptour.JPG;274533689;1;1411597891;|9778|4294967295
orderedList0.png;4180464703;1;1379529836;|9779|4294967295
orderedList1.png;1064765992;1;1379529836;|9780|4294967295
orderedList2.png;3651132368;1;1379529836;|9781|4294967295
orderedList3.png;942056208;1;1379529836;|9782|4294967295
orderedList4.png;2398055589;1;1379529836;|9783|4294967295
orderedList5.png;486220613;1;1379529836;|9784|4294967295
orderedList6.png;2475604284;1;1379529836;|9785|4294967295
orderedList7.png;3320776947;1;1379529836;|9786|4294967295
orderedList8.png;1454142012;1;1379529836;|9787|4294967295
orderedList9.png;341986462;1;1379529836;|9788|4294967295
responsive-illustrations.png;3946375738;1;1374906998;|9789|4294967295
