SCMBranch=GIS
SCMRepository=GIS/Internet Web Sites/GISWebsiteNew
SCMMainlineUUID={8da4d26a-0384-4e32-b08d-093e5657a8ae}
SCMBranchRepositoryID=3280
Default.aspx;3740968231;3;1412003855;|8587|4294967295
Default.aspx.cs;2994994523;3;1412006249;|8588|4294967295
base-css.html;2051492300;3;1374906998;|8589|4294967295
blur.svg;562102678;3;1411748765;|8590|4294967295
components.html;2709745266;3;1374906998;|8591|4294967295
customize.html;2160513691;3;1374906998;|8592|4294967295
data.html;3929038496;3;1397236382;|8593|4294967295
extend.html;4172904235;3;1374906998;|8594|4294967295
favicon.ico;306365689;3;1602603403;|8595|4294967295
getting-started.html;1382527324;3;1374906998;|8596|4294967295
index - BU 08262019.html;3825057261;3;1452114049;|8597|4294967295
index - backup_jp.html;2138626624;3;1601997379;|8598|4294967295
index.html;2947405633;3;1602605929;|8599|4294967295
index_ORIG.html;2382023621;3;1418245567;|8600|4294967295
index_ORIG_2.html;780476217;3;1426186455;|8601|4294967295
index_ORIG_3.html;1011587582;3;1434477838;|8602|4294967295
intranet.html;385291639;3;1434487427;|8603|4294967295
intranet_ORIG_2.html;1714032359;3;1410908815;|8604|4294967295
intranet_ORIG_3.html;3361592668;3;1434477979;|8605|4294967295
javascript.html;3692133670;3;1374906998;|8606|4294967295
scaffolding.html;3161565293;3;1374906998;|8607|4294967295
web.config;2589662602;3;1411760094;|8608|4294967295
