SCMBranch=GIS
SCMRepository=GIS/Internet Web Sites/GISWebsiteNew/Maps/examples
SCMMainlineUUID={8da4d26a-0384-4e32-b08d-093e5657a8ae}
SCMBranchRepositoryID=3460
carousel.html;125340078;1;1374906998;|9916|4294967295
fluid.html;1204616021;1;1374906998;|9917|4294967295
hero.html;3395801073;1;1374906998;|9918|4294967295
justified-nav.html;2411788448;1;1374906998;|9919|4294967295
marketing-narrow.html;3420596586;1;1374906998;|9920|4294967295
signin.html;3797609348;1;1374906998;|9921|4294967295
starter-template.html;1486865733;1;1374906998;|9922|4294967295
sticky-footer-navbar.html;3015944027;1;1374906998;|9923|4294967295
sticky-footer.html;2938375266;1;1374906998;|9924|4294967295
