SCMBranch=GIS
SCMRepository=GIS/Internet Web Sites/GISWebsiteNew/assets/img/Photos
SCMMainlineUUID={8da4d26a-0384-4e32-b08d-093e5657a8ae}
SCMBranchRepositoryID=3502
ArizonaSunset_M.jpg;203825924;1;1391549477;|10270|4294967295
Cardinals_M.jpg;1586691821;1;1391550446;|10271|4294967295
Downtown-shops_M.jpg;1205818897;1;1391550806;|10272|4294967295
F16_Fighting_Falcons_M.jpg;1168182666;1;1391549353;|10273|4294967295
Fountain_M.jpg;964994341;1;1391549560;|10274|4294967295
Glendale_Glitter_M.jpg;3485243633;1;1391549722;|10275|4294967295
glendale_stadium.jpg;321781863;1;1505400655;|10276|4294967295
heroAccent2.png;2953197524;1;1391552767;|10277|4294967295
pic1.jpg;2183122642;1;1327463234;|10278|4294967295
pic2.jpg;2315800165;1;1327463246;|10279|4294967295
pic3.jpg;664764316;1;1327463534;|10280|4294967295
pic4.jpg;1441960022;1;1327463364;|10281|4294967295
pic5.jpg;32412714;1;1327463392;|10282|4294967295
pic6.jpg;4003177106;1;1327463524;|10283|4294967295
pic7.jpg;2470591745;1;1327463508;|10284|4294967295
stadium_M.jpg;1162495333;1;1391184350;|10285|4294967295
