SCMBranch=GIS
SCMRepository=GIS/Internet Web Sites/GISWebsiteNew/Intranet1
SCMMainlineUUID={8da4d26a-0384-4e32-b08d-093e5657a8ae}
SCMBranchRepositoryID=3393
base-css.html;2051492300;1;1374906998;|9411|4294967295
components.html;2709745266;1;1374906998;|9412|4294967295
customize.html;2160513691;1;1374906998;|9413|4294967295
data.html;3929038496;1;1397236382;|9414|4294967295
extend.html;4172904235;1;1374906998;|9415|4294967295
getting-started.html;1382527324;1;1374906998;|9416|4294967295
index.html;1351570256;1;1440530310;|9417|4294967295
intranet.html;3361592668;1;1434478446;|9418|4294967295
intranet_ORIG_2.html;1714032359;1;1410908815;|9419|4294967295
javascript.html;3692133670;1;1374906998;|9420|4294967295
scaffolding.html;3161565293;1;1374906998;|9421|4294967295
