SCMBranch=GIS
SCMRepository=GIS/Internet Web Sites/GISWebsiteNew/MapsOLD/assets/img/Photos
SCMMainlineUUID={8da4d26a-0384-4e32-b08d-093e5657a8ae}
SCMBranchRepositoryID=3468
ArizonaSunset_M.jpg;203825924;1;1391549477;|10030|4294967295
Cardinals_M.jpg;1586691821;1;1391550446;|10031|4294967295
Downtown-shops_M.jpg;1205818897;1;1391550806;|10032|4294967295
F16_Fighting_Falcons_M.jpg;1168182666;1;1391549353;|10033|4294967295
Fountain_M.jpg;964994341;1;1391549560;|10034|4294967295
Glendale_Glitter_M.jpg;3485243633;1;1391549722;|10035|4294967295
heroAccent2.png;2953197524;1;1391552767;|10036|4294967295
pic1.jpg;2183122642;1;1327463234;|10037|4294967295
pic2.jpg;2315800165;1;1327463246;|10038|4294967295
pic3.jpg;664764316;1;1327463534;|10039|4294967295
pic4.jpg;1441960022;1;1327463364;|10040|4294967295
pic5.jpg;32412714;1;1327463392;|10041|4294967295
pic6.jpg;4003177106;1;1327463524;|10042|4294967295
pic7.jpg;2470591745;1;1327463508;|10043|4294967295
stadium_M.jpg;1162495333;1;1391184350;|10044|4294967295
