SCMBranch=GIS
SCMRepository=GIS/Internet Web Sites/GISWebsiteNew/ContactUs/assets/img
SCMMainlineUUID={8da4d26a-0384-4e32-b08d-093e5657a8ae}
SCMBranchRepositoryID=3327
Address-Points-Glendale-Arizona.JPG;2859905882;1;1390580568;|8946|4294967295
Address.JPG;3564808779;1;1395078069;|8947|4294967295
AddressBlur.jpg;3460152832;1;1410884898;|8948|4294967295
AddressFinder.png;2743017074;1;1410901673;|8949|4294967295
AddressLocator.png;2449692295;1;1410894603;|8950|4294967295
Annexations-Glendale-Arizona.JPG;2437710350;1;1390580947;|8951|4294967295
Background.jpg;930767542;1;1391548433;|8952|4294967295
Bike-Routes-Glendale-Arizona.JPG;3371551973;1;1391125908;|8953|4294967295
Building-Footprints-Glendale-Arizona.JPG;142933117;1;1390580393;|8954|4294967295
City-Limits-Boundaries-Glendale-Arizona.JPG;2271926520;1;1390580757;|8955|4294967295
Contours-Topography-Glendale-Arizona.JPG;4040568516;1;1392331121;|8956|4294967295
Contours.png;1479383750;1;1410891953;|8957|4294967295
Council-Districts-Glendale-Arizona.JPG;2695551669;1;1390581013;|8958|4294967295
Elevation-Points-Glendale-Arizona.JPG;1609826658;1;1390587336;|8959|4294967295
General-Plan-Glendale-Arizona.JPG;1648697556;1;1390580884;|8960|4294967295
GeneralPlan.png;2721553645;1;1410889065;|8961|4294967295
Glendale Logo 3.png;1844740671;1;1601939557;|8962|4294967295
GlendaleLogo2.png;2791338346;1;1600375397;|8963|4294967295
Glitters.JPG;1961596549;1;1392994641;|8964|4294967295
Golf-Courses-Glendale-Arizona.JPG;2332289663;1;1391189657;|8965|4294967295
Historic-Districts-Glendale-Arizona.JPG;438523422;1;1391200533;|8966|4294967295
Imagery.JPG;3214422064;1;1392848628;|8967|4294967295
ImageryWater.JPG;785435214;1;1392848686;|8968|4294967295
Imagerytxt.jpg;2810477139;1;1392910123;|8969|4294967295
M.jpg;1162495333;1;1391184350;|8970|4294967295
MapTourStadium.jpg;4217439061;1;1392910630;|8971|4294967295
MyServices.png;1832182888;1;1410888608;|8972|4294967295
OpenData.JPG;81854558;1;1393279424;|8973|4294967295
Parcels-Glendale-Arizona.JPG;4124217074;1;1390837858;|8974|4294967295
ParkFinder.png;1625664671;1;1410887791;|8975|4294967295
Parking-Pavement-Glendale-Arizona.JPG;2183202295;1;1391201103;|8976|4294967295
ParkingLines-Glendale-Arizona.JPG;1044629665;1;1390587589;|8977|4294967295
Parks-Area-Glendale-Arizona.JPG;1173087892;1;1390587257;|8978|4294967295
Parks-Recreation-Points-Glendale-Arizona.JPG;15153817;1;1390581192;|8979|4294967295
Railroads-Glendale-Arizona.JPG;2334471955;1;1391204299;|8980|4294967295
Special-Districts-Glendale-Arizona.JPG;1234430635;1;1390581079;|8981|4294967295
Sports-Fields-Glendale-Arizona.JPG;3148255521;1;1390587414;|8982|4294967295
StadiumNew.jpg;1654264481;1;1434578064;|8983|4294967295
Street-Centerlines-Glendale-Arizona.JPG;2249784278;1;1390580688;|8984|4294967295
Subdivisions-Neighborhoods-Glendale-Arizona.JPG;148854236;1;1390587679;|8985|4294967295
Swipe.png;2244602873;1;1410887156;|8986|4294967295
ThPark.JPG;2111408212;1;1392852282;|8987|4294967295
Under_Construction_Homer 2.png;2461709031;1;1370882160;|8988|4294967295
Water-Features-Glendale-Arizona.JPG;659918181;1;1390587288;|8989|4294967295
Zip-Codes-Glendale-Arizona.JPG;4243628138;1;1391126612;|8990|4294967295
Zoning-Glendale-Arizona.JPG;1848052990;1;1390580854;|8991|4294967295
ZoningMap.JPG;1006919581;1;1392994520;|8992|4294967295
accent.png;1733376189;1;1379529836;|8993|4294967295
bootstrap-docs-readme.png;2693655698;1;1374906998;|8994|4294967295
bootstrap-mdo-sfmoma-01.jpg;1331862236;1;1374906998;|8995|4294967295
bootstrap-mdo-sfmoma-02.jpg;2235194929;1;1374906998;|8996|4294967295
bootstrap-mdo-sfmoma-03.jpg;1879058515;1;1374906998;|8997|4294967295
bs-docs-bootstrap-features.png;4068441110;1;1374906998;|8998|4294967295
bs-docs-masthead-pattern.png;2721994484;1;1374906998;|8999|4294967295
bs-docs-responsive-illustrations.png;2210430106;1;1374906998;|9000|4294967295
bs-docs-twitter-github.png;1574593570;1;1374906998;|9001|4294967295
bullet.png;1278388926;1;1379529836;|9002|4294967295
glyphicons-halflings-white.png;1132497828;1;1374906998;|9003|4294967295
glyphicons-halflings.png;1177048811;1;1374906998;|9004|4294967295
grey.jpg;697496204;1;1410883837;|9005|4294967295
grid-baseline-20px.png;1987188750;1;1374906998;|9006|4294967295
heroAccent.png;3779317737;1;1379529836;|9007|4294967295
heroAccent2.png;567560287;1;1394224848;|9008|4294967295
heroAccent2.psd;4138836525;1;1394224834;|9009|4294967295
heroAccent2_OLD.png;262887117;1;1391553574;|9010|4294967295
less-logo-large.png;1370617456;1;1374906998;|9011|4294967295
orderedList0.png;4180464703;1;1379529836;|9012|4294967295
orderedList1.png;1064765992;1;1379529836;|9013|4294967295
orderedList2.png;3651132368;1;1379529836;|9014|4294967295
orderedList3.png;942056208;1;1379529836;|9015|4294967295
orderedList4.png;2398055589;1;1379529836;|9016|4294967295
orderedList5.png;486220613;1;1379529836;|9017|4294967295
orderedList6.png;2475604284;1;1379529836;|9018|4294967295
orderedList7.png;3320776947;1;1379529836;|9019|4294967295
orderedList8.png;1454142012;1;1379529836;|9020|4294967295
orderedList9.png;341986462;1;1379529836;|9021|4294967295
responsive-illustrations.png;3946375738;1;1374906998;|9022|4294967295
