SCMBranch=GIS
SCMRepository=GIS/Internet Web Sites/GISWebsiteNew/Intranet1/assets/js
SCMMainlineUUID={8da4d26a-0384-4e32-b08d-093e5657a8ae}
SCMBranchRepositoryID=3401
README.md;2041931306;1;1374906998;|9554|4294967295
application.js;1179885824;1;1374906998;|9555|4294967295
bootstrap-affix.js;1814497232;1;1374906998;|9556|4294967295
bootstrap-alert.js;2688799141;1;1374906998;|9557|4294967295
bootstrap-button.js;1015331946;1;1374906998;|9558|4294967295
bootstrap-carousel.js;3723017569;1;1374906998;|9559|4294967295
bootstrap-collapse.js;346127335;1;1374906998;|9560|4294967295
bootstrap-dropdown.js;1291275223;1;1374906998;|9561|4294967295
bootstrap-modal.js;3351800340;1;1374906998;|9562|4294967295
bootstrap-popover.js;2311109258;1;1374906998;|9563|4294967295
bootstrap-scrollspy.js;725212446;1;1374906998;|9564|4294967295
bootstrap-tab.js;739056690;1;1374906998;|9565|4294967295
bootstrap-tooltip.js;4071976248;1;1374906998;|9566|4294967295
bootstrap-transition.js;775706443;1;1374906998;|9567|4294967295
bootstrap-typeahead.js;3913883557;1;1374906998;|9568|4294967295
bootstrap.js;3360953226;1;1374906998;|9569|4294967295
bootstrap.min.js;3556601180;1;1374906998;|9570|4294967295
html5shiv.js;3755322255;1;1374906998;|9571|4294967295
jquery.js;2222371984;1;1374906998;|9572|4294967295
