SCMBranch=GIS
SCMRepository=GIS/Internet Web Sites/GISWebsiteNew/Data/assets/js
SCMMainlineUUID={8da4d26a-0384-4e32-b08d-093e5657a8ae}
SCMBranchRepositoryID=3366
README.md;2041931306;1;1374906998;|9304|4294967295
application.js;1179885824;1;1374906998;|9305|4294967295
bootstrap-affix.js;1814497232;1;1374906998;|9306|4294967295
bootstrap-alert.js;2688799141;1;1374906998;|9307|4294967295
bootstrap-button.js;1015331946;1;1374906998;|9308|4294967295
bootstrap-carousel.js;3723017569;1;1374906998;|9309|4294967295
bootstrap-collapse.js;346127335;1;1374906998;|9310|4294967295
bootstrap-dropdown.js;1291275223;1;1374906998;|9311|4294967295
bootstrap-modal.js;3351800340;1;1374906998;|9312|4294967295
bootstrap-popover.js;2311109258;1;1374906998;|9313|4294967295
bootstrap-scrollspy.js;725212446;1;1374906998;|9314|4294967295
bootstrap-tab.js;739056690;1;1374906998;|9315|4294967295
bootstrap-tooltip.js;4071976248;1;1374906998;|9316|4294967295
bootstrap-transition.js;775706443;1;1374906998;|9317|4294967295
bootstrap-typeahead.js;3913883557;1;1374906998;|9318|4294967295
bootstrap.js;3360953226;1;1374906998;|9319|4294967295
bootstrap.min.js;3556601180;1;1374906998;|9320|4294967295
html5shiv.js;3755322255;1;1374906998;|9321|4294967295
jquery.js;2222371984;1;1374906998;|9322|4294967295
