SCMBranch=GIS
SCMRepository=GIS/Internet Web Sites/GISWebsiteNew/About/assets/img/example-sites
SCMMainlineUUID={8da4d26a-0384-4e32-b08d-093e5657a8ae}
SCMBranchRepositoryID=3294
8020select.png;24060228;1;1374906998;|8796|4294967295
adoptahydrant.png;3731891651;1;1374906998;|8797|4294967295
breakingnews.png;1698925375;1;1374906998;|8798|4294967295
fleetio.png;629211450;1;1374906998;|8799|4294967295
gathercontent.png;1994656213;1;1374906998;|8800|4294967295
jshint.png;2778078950;1;1374906998;|8801|4294967295
kippt.png;2234630853;1;1374906998;|8802|4294967295
soundready.png;1550080991;1;1374906998;|8803|4294967295
