SCMBranch=GIS
SCMRepository=GIS/Internet Web Sites/GISWebsiteNew/About/assets/img
SCMMainlineUUID={8da4d26a-0384-4e32-b08d-093e5657a8ae}
SCMBranchRepositoryID=3292
Address-Points-Glendale-Arizona.JPG;2859905882;1;1390580568;|8703|4294967295
Address.JPG;3564808779;1;1395078069;|8704|4294967295
AddressBlur.jpg;3460152832;1;1410884898;|8705|4294967295
AddressFinder.png;2743017074;1;1410901673;|8706|4294967295
AddressLocator.png;2449692295;1;1410894603;|8707|4294967295
Annexations-Glendale-Arizona.JPG;2437710350;1;1390580947;|8708|4294967295
Background.jpg;930767542;1;1391548433;|8709|4294967295
Bike-Routes-Glendale-Arizona.JPG;3371551973;1;1391125908;|8710|4294967295
Building-Footprints-Glendale-Arizona.JPG;142933117;1;1390580393;|8711|4294967295
City-Limits-Boundaries-Glendale-Arizona.JPG;2271926520;1;1390580757;|8712|4294967295
Contours-Topography-Glendale-Arizona.JPG;4040568516;1;1392331121;|8713|4294967295
Contours.png;1479383750;1;1410891953;|8714|4294967295
Council-Districts-Glendale-Arizona.JPG;2695551669;1;1390581013;|8715|4294967295
DataSharing.png;1046197143;1;1411163606;|8716|4294967295
Elevation-Points-Glendale-Arizona.JPG;1609826658;1;1390587336;|8717|4294967295
GIS.jpg;3993212694;1;1411162795;|8718|4294967295
General-Plan-Glendale-Arizona.JPG;1648697556;1;1390580884;|8719|4294967295
GeneralPlan.png;2721553645;1;1410889065;|8720|4294967295
Glendale Logo 3.png;1844740671;1;1601939557;|8721|4294967295
GlendaleLogo2.png;2791338346;1;1600375397;|8722|4294967295
Glitters.JPG;1961596549;1;1392994641;|8723|4294967295
Golf-Courses-Glendale-Arizona.JPG;2332289663;1;1391189657;|8724|4294967295
Historic-Districts-Glendale-Arizona.JPG;438523422;1;1391200533;|8725|4294967295
Imagery.JPG;3214422064;1;1392848628;|8726|4294967295
ImageryWater.JPG;785435214;1;1392848686;|8727|4294967295
Imagerytxt.jpg;2810477139;1;1392910123;|8728|4294967295
M.jpg;1162495333;1;1391184350;|8729|4294967295
MapTourStadium.jpg;4217439061;1;1392910630;|8730|4294967295
MyServices.png;1832182888;1;1410888608;|8731|4294967295
OpenData.JPG;81854558;1;1393279424;|8732|4294967295
Parcels-Glendale-Arizona.JPG;4124217074;1;1390837858;|8733|4294967295
ParkFinder.png;1625664671;1;1410887791;|8734|4294967295
Parking-Pavement-Glendale-Arizona.JPG;2183202295;1;1391201103;|8735|4294967295
ParkingLines-Glendale-Arizona.JPG;1044629665;1;1390587589;|8736|4294967295
Parks-Area-Glendale-Arizona.JPG;1173087892;1;1390587257;|8737|4294967295
Parks-Recreation-Points-Glendale-Arizona.JPG;15153817;1;1390581192;|8738|4294967295
Railroads-Glendale-Arizona.JPG;2334471955;1;1391204299;|8739|4294967295
Special-Districts-Glendale-Arizona.JPG;1234430635;1;1390581079;|8740|4294967295
Sports-Fields-Glendale-Arizona.JPG;3148255521;1;1390587414;|8741|4294967295
Street-Centerlines-Glendale-Arizona.JPG;2249784278;1;1390580688;|8742|4294967295
Subdivisions-Neighborhoods-Glendale-Arizona.JPG;148854236;1;1390587679;|8743|4294967295
Swipe.png;2244602873;1;1410887156;|8744|4294967295
ThPark.JPG;2111408212;1;1392852282;|8745|4294967295
Under_Construction_Homer 2.png;2461709031;1;1370882160;|8746|4294967295
Water-Features-Glendale-Arizona.JPG;659918181;1;1390587288;|8747|4294967295
Zip-Codes-Glendale-Arizona.JPG;4243628138;1;1391126612;|8748|4294967295
Zoning-Glendale-Arizona.JPG;1848052990;1;1390580854;|8749|4294967295
ZoningMap.JPG;1006919581;1;1392994520;|8750|4294967295
accent.png;1733376189;1;1379529836;|8751|4294967295
bootstrap-docs-readme.png;2693655698;1;1374906998;|8752|4294967295
bootstrap-mdo-sfmoma-01.jpg;1331862236;1;1374906998;|8753|4294967295
bootstrap-mdo-sfmoma-02.jpg;2235194929;1;1374906998;|8754|4294967295
bootstrap-mdo-sfmoma-03.jpg;1879058515;1;1374906998;|8755|4294967295
bs-docs-bootstrap-features.png;4068441110;1;1374906998;|8756|4294967295
bs-docs-masthead-pattern.png;2721994484;1;1374906998;|8757|4294967295
bs-docs-responsive-illustrations.png;2210430106;1;1374906998;|8758|4294967295
bs-docs-twitter-github.png;1574593570;1;1374906998;|8759|4294967295
bullet.png;1278388926;1;1379529836;|8760|4294967295
glyphicons-halflings-white.png;1132497828;1;1374906998;|8761|4294967295
glyphicons-halflings.png;1177048811;1;1374906998;|8762|4294967295
grey.jpg;697496204;1;1410883837;|8763|4294967295
grid-baseline-20px.png;1987188750;1;1374906998;|8764|4294967295
heroAccent.png;3779317737;1;1379529836;|8765|4294967295
heroAccent2.png;567560287;1;1394224848;|8766|4294967295
heroAccent2.psd;4138836525;1;1394224834;|8767|4294967295
heroAccent2_OLD.png;262887117;1;1391553574;|8768|4294967295
less-logo-large.png;1370617456;1;1374906998;|8769|4294967295
orderedList0.png;4180464703;1;1379529836;|8770|4294967295
orderedList1.png;1064765992;1;1379529836;|8771|4294967295
orderedList2.png;3651132368;1;1379529836;|8772|4294967295
orderedList3.png;942056208;1;1379529836;|8773|4294967295
orderedList4.png;2398055589;1;1379529836;|8774|4294967295
orderedList5.png;486220613;1;1379529836;|8775|4294967295
orderedList6.png;2475604284;1;1379529836;|8776|4294967295
orderedList7.png;3320776947;1;1379529836;|8777|4294967295
orderedList8.png;1454142012;1;1379529836;|8778|4294967295
orderedList9.png;341986462;1;1379529836;|8779|4294967295
responsive-illustrations.png;3946375738;1;1374906998;|8780|4294967295
