SCMBranch=GIS
SCMRepository=GIS/Internet Web Sites/GISWebsiteNew/ContactUs/templates/pages
SCMMainlineUUID={8da4d26a-0384-4e32-b08d-093e5657a8ae}
SCMBranchRepositoryID=3357
base-css.mustache;3790157864;1;1374906998;|9159|4294967295
components.mustache;2745350647;1;1374906998;|9160|4294967295
customize.mustache;3754257152;1;1374906998;|9161|4294967295
extend.mustache;3968028996;1;1374906998;|9162|4294967295
getting-started.mustache;243018571;1;1374906998;|9163|4294967295
index.mustache;1807921068;1;1374906998;|9164|4294967295
javascript.mustache;1524632748;1;1374906998;|9165|4294967295
scaffolding.mustache;1843746916;1;1374906998;|9166|4294967295
