SCMBranch=GIS
SCMRepository=GIS/Internet Web Sites/GISWebsiteNew/About
SCMMainlineUUID={8da4d26a-0384-4e32-b08d-093e5657a8ae}
SCMBranchRepositoryID=3288
base-css.html;2051492300;1;1374906998;|8682|4294967295
components.html;2709745266;1;1374906998;|8683|4294967295
customize.html;2160513691;1;1374906998;|8684|4294967295
data.html;3929038496;1;1397236382;|8685|4294967295
extend.html;4172904235;1;1374906998;|8686|4294967295
favicon.ico;306365689;1;1602603403;|8687|4294967295
getting-started.html;1382527324;1;1374906998;|8688|4294967295
index.html;3310025459;1;1602692946;|8689|4294967295
intranet.html;3361592668;1;1434478170;|8690|4294967295
intranet_ORIG_2.html;1714032359;1;1410908815;|8691|4294967295
javascript.html;3692133670;1;1374906998;|8692|4294967295
scaffolding.html;3161565293;1;1374906998;|8693|4294967295
