SCMBranch=GIS
SCMRepository=GIS/Internet Web Sites/GISWebsiteNew/assets/img
SCMMainlineUUID={8da4d26a-0384-4e32-b08d-093e5657a8ae}
SCMBranchRepositoryID=3501
Address-Points-Glendale-Arizona.JPG;2859905882;1;1390580568;|10183|4294967295
Address.JPG;3564808779;1;1395078069;|10184|4294967295
AddressBlur.jpg;3460152832;1;1410884898;|10185|4294967295
AddressFinder.png;2743017074;1;1410901673;|10186|4294967295
AddressLocator.png;2449692295;1;1410894603;|10187|4294967295
Annexations-Glendale-Arizona.JPG;2437710350;1;1390580947;|10188|4294967295
Background.jpg;930767542;1;1391548433;|10189|4294967295
Bike-Routes-Glendale-Arizona.JPG;3371551973;1;1391125908;|10190|4294967295
Building-Footprints-Glendale-Arizona.JPG;142933117;1;1390580393;|10191|4294967295
City-Limits-Boundaries-Glendale-Arizona.JPG;2271926520;1;1390580757;|10192|4294967295
Contours-Topography-Glendale-Arizona.JPG;4040568516;1;1392331121;|10193|4294967295
Contours.png;1479383750;1;1410891953;|10194|4294967295
Council-Districts-Glendale-Arizona.JPG;2695551669;1;1390581013;|10195|4294967295
Elevation-Points-Glendale-Arizona.JPG;1609826658;1;1390587336;|10196|4294967295
General-Plan-Glendale-Arizona.JPG;1648697556;1;1390580884;|10197|4294967295
GeneralPlan.png;2721553645;1;1410889065;|10198|4294967295
Glendale Logo 3.png;1844740671;1;1601939557;|10199|4294967295
GlendaleLogo2.png;2791338346;1;1600375397;|10200|4294967295
GlendaleLogo2_old.png;2077159868;1;1381333505;|10201|4294967295
Glitters.JPG;1961596549;1;1392994641;|10202|4294967295
Golf-Courses-Glendale-Arizona.JPG;2332289663;1;1391189657;|10203|4294967295
Historic-Districts-Glendale-Arizona.JPG;438523422;1;1391200533;|10204|4294967295
Imagery.JPG;3214422064;1;1392848628;|10205|4294967295
ImageryWater.JPG;785435214;1;1392848686;|10206|4294967295
Imagerytxt.jpg;2810477139;1;1392910123;|10207|4294967295
M.jpg;1162495333;1;1391184350;|10208|4294967295
MapTourStadium.jpg;4217439061;1;1392910630;|10209|4294967295
MyServices.png;1832182888;1;1410888608;|10210|4294967295
OpenData.JPG;81854558;1;1393279424;|10211|4294967295
Parcels-Glendale-Arizona.JPG;4124217074;1;1390837858;|10212|4294967295
ParkFinder.png;2946004513;1;1566947957;|10213|4294967295
ParkFinderOLD.png;1625664671;1;1410887791;|10214|4294967295
Parking-Pavement-Glendale-Arizona.JPG;2183202295;1;1391201103;|10215|4294967295
ParkingLines-Glendale-Arizona.JPG;1044629665;1;1390587589;|10216|4294967295
Parks-Area-Glendale-Arizona.JPG;1173087892;1;1390587257;|10217|4294967295
Parks-Recreation-Points-Glendale-Arizona.JPG;15153817;1;1390581192;|10218|4294967295
PublicSafety_BigSized.png;2940360438;1;1423771151;|10219|4294967295
PublicSafety_BigSized2.png;3066816097;1;1423772585;|10220|4294967295
Railroads-Glendale-Arizona.JPG;2334471955;1;1391204299;|10221|4294967295
Special-Districts-Glendale-Arizona.JPG;1234430635;1;1390581079;|10222|4294967295
Sports-Fields-Glendale-Arizona.JPG;3148255521;1;1390587414;|10223|4294967295
StadiumNew.jpg;1654264481;1;1434578064;|10224|4294967295
Street-Centerlines-Glendale-Arizona.JPG;2249784278;1;1390580688;|10225|4294967295
Subdivisions-Neighborhoods-Glendale-Arizona.JPG;148854236;1;1390587679;|10226|4294967295
Swipe.png;2244602873;1;1410887156;|10227|4294967295
Swipe2 - Copy.png;1183889524;1;1418245376;|10228|4294967295
Swipe2.png;1459662618;1;1418245722;|10229|4294967295
ThPark.JPG;2111408212;1;1392852282;|10230|4294967295
TransitTrackerRoute.png;724189798;1;1424364226;|10231|4294967295
Under_Construction_Homer 2.png;2461709031;1;1370882160;|10232|4294967295
Water-Features-Glendale-Arizona.JPG;659918181;1;1390587288;|10233|4294967295
WhiteBackground.png;1423175684;1;1411666252;|10234|4294967295
Zip-Codes-Glendale-Arizona.JPG;4243628138;1;1391126612;|10235|4294967295
Zoning-Glendale-Arizona.JPG;1848052990;1;1390580854;|10236|4294967295
ZoningMap.JPG;1006919581;1;1392994520;|10237|4294967295
accent.png;1733376189;1;1379529836;|10238|4294967295
bootstrap-docs-readme.png;2693655698;1;1374906998;|10239|4294967295
bootstrap-mdo-sfmoma-01.jpg;1331862236;1;1374906998;|10240|4294967295
bootstrap-mdo-sfmoma-02.jpg;2235194929;1;1374906998;|10241|4294967295
bootstrap-mdo-sfmoma-03.jpg;1879058515;1;1374906998;|10242|4294967295
bs-docs-bootstrap-features.png;4068441110;1;1374906998;|10243|4294967295
bs-docs-masthead-pattern.png;2721994484;1;1374906998;|10244|4294967295
bs-docs-responsive-illustrations.png;2210430106;1;1374906998;|10245|4294967295
bs-docs-twitter-github.png;1574593570;1;1374906998;|10246|4294967295
bullet.png;1278388926;1;1379529836;|10247|4294967295
data.jpg;2193506589;1;1411149223;|10248|4294967295
glendale_stadium.jpg;321781863;1;1505400655;|10249|4294967295
glyphicons-halflings-white.png;1132497828;1;1374906998;|10250|4294967295
glyphicons-halflings.png;1177048811;1;1374906998;|10251|4294967295
grey.jpg;697496204;1;1410883837;|10252|4294967295
grid-baseline-20px.png;1987188750;1;1374906998;|10253|4294967295
heroAccent.png;3779317737;1;1379529836;|10254|4294967295
heroAccent2.png;567560287;1;1394224848;|10255|4294967295
heroAccent2.psd;4138836525;1;1394224834;|10256|4294967295
heroAccent2_OLD.png;262887117;1;1391553574;|10257|4294967295
less-logo-large.png;1370617456;1;1374906998;|10258|4294967295
orderedList0.png;4180464703;1;1379529836;|10259|4294967295
orderedList1.png;1064765992;1;1379529836;|10260|4294967295
orderedList2.png;3651132368;1;1379529836;|10261|4294967295
orderedList3.png;942056208;1;1379529836;|10262|4294967295
orderedList4.png;2398055589;1;1379529836;|10263|4294967295
orderedList5.png;486220613;1;1379529836;|10264|4294967295
orderedList6.png;2475604284;1;1379529836;|10265|4294967295
orderedList7.png;3320776947;1;1379529836;|10266|4294967295
orderedList8.png;1454142012;1;1379529836;|10267|4294967295
orderedList9.png;341986462;1;1379529836;|10268|4294967295
responsive-illustrations.png;3946375738;1;1374906998;|10269|4294967295
