SCMBranch=GIS
SCMRepository=GIS/Internet Web Sites/GISWebsiteNew/MapsOLD
SCMMainlineUUID={8da4d26a-0384-4e32-b08d-093e5657a8ae}
SCMBranchRepositoryID=3463
base-css.html;2051492300;1;1374906998;|9934|4294967295
components.html;2709745266;1;1374906998;|9935|4294967295
customize.html;2160513691;1;1374906998;|9936|4294967295
data.html;3929038496;1;1397236382;|9937|4294967295
extend.html;4172904235;1;1374906998;|9938|4294967295
getting-started.html;1382527324;1;1374906998;|9939|4294967295
index.html;3921922269;1;1411579208;|9940|4294967295
intranet.html;1714032359;1;1410908815;|9941|4294967295
javascript.html;3692133670;1;1374906998;|9942|4294967295
scaffolding.html;3161565293;1;1374906998;|9943|4294967295
