SCMBranch=GIS
SCMRepository=GIS/Internet Web Sites/GISWebsiteNew/examples
SCMMainlineUUID={8da4d26a-0384-4e32-b08d-093e5657a8ae}
SCMBranchRepositoryID=3529
carousel.html;125340078;1;1374906998;|10397|4294967295
fluid.html;1204616021;1;1374906998;|10398|4294967295
hero.html;3395801073;1;1374906998;|10399|4294967295
justified-nav.html;2411788448;1;1374906998;|10400|4294967295
marketing-narrow.html;3420596586;1;1374906998;|10401|4294967295
signin.html;3797609348;1;1374906998;|10402|4294967295
starter-template.html;1486865733;1;1374906998;|10403|4294967295
sticky-footer-navbar.html;3015944027;1;1374906998;|10404|4294967295
sticky-footer.html;2938375266;1;1374906998;|10405|4294967295
