SCMBranch=GIS
SCMRepository=GIS/Internet Web Sites/GISWebsiteNew/Maps
SCMMainlineUUID={8da4d26a-0384-4e32-b08d-093e5657a8ae}
SCMBranchRepositoryID=3428
base-css.html;2051492300;1;1374906998;|9661|4294967295
components.html;2709745266;1;1374906998;|9662|4294967295
customize.html;2160513691;1;1602692971;|9663|4294967295
data.html;3929038496;1;1397236382;|9664|4294967295
extend.html;4172904235;1;1374906998;|9665|4294967295
favicon.ico;306365689;1;1602603403;|9666|4294967295
getting-started.html;1382527324;1;1374906998;|9667|4294967295
index BU 08272019.html;852247344;1;1489170889;|9668|4294967295
index.html;3998958031;1;1603832510;|9669|4294967295
index_ORIG1-2.html;2938978761;1;1423590049;|9670|4294967295
index_ORIG1.html;2083312112;1;1422569601;|9671|4294967295
index_ORIG_2.html;2243986538;1;1426186177;|9672|4294967295
index_ORIG_3.html;2663009404;1;1434479049;|9673|4294967295
intranet.html;385291639;1;1489102515;|9674|4294967295
intranet_ORIG_2.html;1714032359;1;1410908815;|9675|4294967295
intranet_ORIG_3.html;3361592668;1;1434478641;|9676|4294967295
javascript.html;3692133670;1;1374906998;|9677|4294967295
scaffolding.html;3161565293;1;1374906998;|9678|4294967295
