SCMBranch=GIS
SCMRepository=GIS/Internet Web Sites/GISWebsiteNew/ContactUs/assets/js
SCMMainlineUUID={8da4d26a-0384-4e32-b08d-093e5657a8ae}
SCMBranchRepositoryID=3331
README.md;2041931306;1;1374906998;|9060|4294967295
application.js;1179885824;1;1374906998;|9061|4294967295
bootstrap-affix.js;1814497232;1;1374906998;|9062|4294967295
bootstrap-alert.js;2688799141;1;1374906998;|9063|4294967295
bootstrap-button.js;1015331946;1;1374906998;|9064|4294967295
bootstrap-carousel.js;3723017569;1;1374906998;|9065|4294967295
bootstrap-collapse.js;346127335;1;1374906998;|9066|4294967295
bootstrap-dropdown.js;1291275223;1;1374906998;|9067|4294967295
bootstrap-modal.js;3351800340;1;1374906998;|9068|4294967295
bootstrap-popover.js;2311109258;1;1374906998;|9069|4294967295
bootstrap-scrollspy.js;725212446;1;1374906998;|9070|4294967295
bootstrap-tab.js;739056690;1;1374906998;|9071|4294967295
bootstrap-tooltip.js;4071976248;1;1374906998;|9072|4294967295
bootstrap-transition.js;775706443;1;1374906998;|9073|4294967295
bootstrap-typeahead.js;3913883557;1;1374906998;|9074|4294967295
bootstrap.js;3360953226;1;1374906998;|9075|4294967295
bootstrap.min.js;3556601180;1;1374906998;|9076|4294967295
html5shiv.js;3755322255;1;1374906998;|9077|4294967295
jquery.js;2222371984;1;1374906998;|9078|4294967295
