SCMBranch=GIS
SCMRepository=GIS/Internet Web Sites/GISWebsiteNew/MapsOLD/examples
SCMMainlineUUID={8da4d26a-0384-4e32-b08d-093e5657a8ae}
SCMBranchRepositoryID=3495
carousel.html;125340078;1;1374906998;|10156|4294967295
fluid.html;1204616021;1;1374906998;|10157|4294967295
hero.html;3395801073;1;1374906998;|10158|4294967295
justified-nav.html;2411788448;1;1374906998;|10159|4294967295
marketing-narrow.html;3420596586;1;1374906998;|10160|4294967295
signin.html;3797609348;1;1374906998;|10161|4294967295
starter-template.html;1486865733;1;1374906998;|10162|4294967295
sticky-footer-navbar.html;3015944027;1;1374906998;|10163|4294967295
sticky-footer.html;2938375266;1;1374906998;|10164|4294967295
