SCMBranch=GIS
SCMRepository=GIS/Internet Web Sites/GISWebsiteNew/Data
SCMMainlineUUID={8da4d26a-0384-4e32-b08d-093e5657a8ae}
SCMBranchRepositoryID=3358
base-css.html;2051492300;1;1374906998;|9167|4294967295
components.html;2709745266;1;1374906998;|9168|4294967295
customize.html;2160513691;1;1374906998;|9169|4294967295
data.html;3929038496;1;1397236382;|9170|4294967295
extend.html;4172904235;1;1374906998;|9171|4294967295
getting-started.html;1382527324;1;1374906998;|9172|4294967295
index - Copy.html;111244154;1;1423066539;|9173|4294967295
index.html;1611166500;1;1502914749;|9174|4294967295
intranet.html;3361592668;1;1434478367;|9175|4294967295
intranet_ORIG_2.html;1714032359;1;1410908815;|9176|4294967295
javascript.html;3692133670;1;1374906998;|9177|4294967295
scaffolding.html;3161565293;1;1374906998;|9178|4294967295
