SCMBranch=GIS
SCMRepository=GIS/Internet Web Sites/GISWebsiteNew/Data/assets/img/example-sites
SCMMainlineUUID={8da4d26a-0384-4e32-b08d-093e5657a8ae}
SCMBranchRepositoryID=3364
8020select.png;24060228;1;1374906998;|9282|4294967295
adoptahydrant.png;3731891651;1;1374906998;|9283|4294967295
breakingnews.png;1698925375;1;1374906998;|9284|4294967295
fleetio.png;629211450;1;1374906998;|9285|4294967295
gathercontent.png;1994656213;1;1374906998;|9286|4294967295
jshint.png;2778078950;1;1374906998;|9287|4294967295
kippt.png;2234630853;1;1374906998;|9288|4294967295
soundready.png;1550080991;1;1374906998;|9289|4294967295
