SCMBranch=GIS
SCMRepository=GIS/Internet Web Sites/GISWebsiteNew/Maps/assets/img/Photos
SCMMainlineUUID={8da4d26a-0384-4e32-b08d-093e5657a8ae}
SCMBranchRepositoryID=3433
ArizonaSunset_M.jpg;203825924;1;1391549477;|9790|4294967295
Cardinals_M.jpg;1586691821;1;1391550446;|9791|4294967295
Downtown-shops_M.jpg;1205818897;1;1391550806;|9792|4294967295
F16_Fighting_Falcons_M.jpg;1168182666;1;1391549353;|9793|4294967295
Fountain_M.jpg;964994341;1;1391549560;|9794|4294967295
Glendale_Glitter_M.jpg;3485243633;1;1391549722;|9795|4294967295
heroAccent2.png;2953197524;1;1391552767;|9796|4294967295
pic1.jpg;2183122642;1;1327463234;|9797|4294967295
pic2.jpg;2315800165;1;1327463246;|9798|4294967295
pic3.jpg;664764316;1;1327463534;|9799|4294967295
pic4.jpg;1441960022;1;1327463364;|9800|4294967295
pic5.jpg;32412714;1;1327463392;|9801|4294967295
pic6.jpg;4003177106;1;1327463524;|9802|4294967295
pic7.jpg;2470591745;1;1327463508;|9803|4294967295
stadium_M.jpg;1162495333;1;1391184350;|9804|4294967295
