SCMBranch=GIS
SCMRepository=GIS/Internet Web Sites/GISWebsiteNew/ContactUs/assets/img/examples
SCMMainlineUUID={8da4d26a-0384-4e32-b08d-093e5657a8ae}
SCMBranchRepositoryID=3330
bootstrap-example-carousel.png;537332450;1;1374906998;|9046|4294967295
bootstrap-example-fluid.png;806656946;1;1374906998;|9047|4294967295
bootstrap-example-justified-nav.png;514162633;1;1374906998;|9048|4294967295
bootstrap-example-marketing-narrow.png;951738422;1;1374906998;|9049|4294967295
bootstrap-example-marketing.png;1669107053;1;1374906998;|9050|4294967295
bootstrap-example-signin.png;3676118045;1;1374906998;|9051|4294967295
bootstrap-example-starter.png;1815318319;1;1374906998;|9052|4294967295
bootstrap-example-sticky-footer.png;2173635609;1;1374906998;|9053|4294967295
browser-icon-chrome.png;1682211773;1;1374906998;|9054|4294967295
browser-icon-firefox.png;75962827;1;1374906998;|9055|4294967295
browser-icon-safari.png;3919210296;1;1374906998;|9056|4294967295
slide-01.jpg;4233833790;1;1374906998;|9057|4294967295
slide-02.jpg;347070875;1;1374906998;|9058|4294967295
slide-03.jpg;3575161525;1;1374906998;|9059|4294967295
