SCMBranch=GIS
SCMRepository=GIS/Internet Web Sites/GISWebsiteNew/Intranet1/assets/img
SCMMainlineUUID={8da4d26a-0384-4e32-b08d-093e5657a8ae}
SCMBranchRepositoryID=3397
Address-Points-Glendale-Arizona.JPG;2859905882;1;1390580568;|9431|4294967295
Address.JPG;3564808779;1;1395078069;|9432|4294967295
AddressBlur.jpg;3460152832;1;1410884898;|9433|4294967295
AddressFinder.png;2743017074;1;1410901673;|9434|4294967295
AddressLocator.png;2449692295;1;1410894603;|9435|4294967295
Annexations-Glendale-Arizona.JPG;2437710350;1;1390580947;|9436|4294967295
Background.jpg;930767542;1;1391548433;|9437|4294967295
Bike-Routes-Glendale-Arizona.JPG;3371551973;1;1391125908;|9438|4294967295
Building-Footprints-Glendale-Arizona.JPG;142933117;1;1390580393;|9439|4294967295
City-Limits-Boundaries-Glendale-Arizona.JPG;2271926520;1;1390580757;|9440|4294967295
Contours-Topography-Glendale-Arizona.JPG;4040568516;1;1392331121;|9441|4294967295
Contours.png;1479383750;1;1410891953;|9442|4294967295
Council-Districts-Glendale-Arizona.JPG;2695551669;1;1390581013;|9443|4294967295
DataSharing.png;1046197143;1;1411163606;|9444|4294967295
EMS.png;3906068111;1;1411419169;|9445|4294967295
Elevation-Points-Glendale-Arizona.JPG;1609826658;1;1390587336;|9446|4294967295
General-Plan-Glendale-Arizona.JPG;1648697556;1;1390580884;|9447|4294967295
GeneralPlan.png;2721553645;1;1410889065;|9448|4294967295
Glendale Logo 3.png;1844740671;1;1601939557;|9449|4294967295
GlendaleLogo2.png;2077159868;1;1381333505;|9450|4294967295
Glitters.JPG;1961596549;1;1392994641;|9451|4294967295
Golf-Courses-Glendale-Arizona.JPG;2332289663;1;1391189657;|9452|4294967295
GroupHome.png;2740949959;1;1438285886;|9453|4294967295
Historic-Districts-Glendale-Arizona.JPG;438523422;1;1391200533;|9454|4294967295
Imagery.JPG;3214422064;1;1392848628;|9455|4294967295
ImageryWater.JPG;785435214;1;1392848686;|9456|4294967295
Imagerytxt.jpg;2810477139;1;1392910123;|9457|4294967295
LiquorLicense.png;2787441974;1;1427411501;|9458|4294967295
M.jpg;1162495333;1;1391184350;|9459|4294967295
MapTourStadium.jpg;4217439061;1;1392910630;|9460|4294967295
MyServices.png;1832182888;1;1410888608;|9461|4294967295
OpenData.JPG;81854558;1;1393279424;|9462|4294967295
Parcels-Glendale-Arizona.JPG;4124217074;1;1390837858;|9463|4294967295
ParkFinder.png;1625664671;1;1410887791;|9464|4294967295
Parking-Pavement-Glendale-Arizona.JPG;2183202295;1;1391201103;|9465|4294967295
ParkingLines-Glendale-Arizona.JPG;1044629665;1;1390587589;|9466|4294967295
Parks-Area-Glendale-Arizona.JPG;1173087892;1;1390587257;|9467|4294967295
Parks-Recreation-Points-Glendale-Arizona.JPG;15153817;1;1390581192;|9468|4294967295
Railroads-Glendale-Arizona.JPG;2334471955;1;1391204299;|9469|4294967295
Special-Districts-Glendale-Arizona.JPG;1234430635;1;1390581079;|9470|4294967295
Sports-Fields-Glendale-Arizona.JPG;3148255521;1;1390587414;|9471|4294967295
Street-Centerlines-Glendale-Arizona.JPG;2249784278;1;1390580688;|9472|4294967295
Subdivisions-Neighborhoods-Glendale-Arizona.JPG;148854236;1;1390587679;|9473|4294967295
Swipe.png;2244602873;1;1410887156;|9474|4294967295
TALISAccounts.png;3164349131;1;1411419193;|9475|4294967295
TALISHeader.png;27306891;1;1411419863;|9476|4294967295
TALISRevenue.png;81576880;1;1411419212;|9477|4294967295
ThPark.JPG;2111408212;1;1392852282;|9478|4294967295
Under_Construction_Homer 2.png;2461709031;1;1370882160;|9479|4294967295
Water-Features-Glendale-Arizona.JPG;659918181;1;1390587288;|9480|4294967295
WhoAmI.png;2172315717;1;1411419137;|9481|4294967295
Zip-Codes-Glendale-Arizona.JPG;4243628138;1;1391126612;|9482|4294967295
Zoning-Glendale-Arizona.JPG;1848052990;1;1390580854;|9483|4294967295
ZoningMap.JPG;1006919581;1;1392994520;|9484|4294967295
accent.png;1733376189;1;1379529836;|9485|4294967295
bootstrap-docs-readme.png;2693655698;1;1374906998;|9486|4294967295
bootstrap-mdo-sfmoma-01.jpg;1331862236;1;1374906998;|9487|4294967295
bootstrap-mdo-sfmoma-02.jpg;2235194929;1;1374906998;|9488|4294967295
bootstrap-mdo-sfmoma-03.jpg;1879058515;1;1374906998;|9489|4294967295
bs-docs-bootstrap-features.png;4068441110;1;1374906998;|9490|4294967295
bs-docs-masthead-pattern.png;2721994484;1;1374906998;|9491|4294967295
bs-docs-responsive-illustrations.png;2210430106;1;1374906998;|9492|4294967295
bs-docs-twitter-github.png;1574593570;1;1374906998;|9493|4294967295
bullet.png;1278388926;1;1379529836;|9494|4294967295
data.jpg;2193506589;1;1411149223;|9495|4294967295
data2.jpg;1262560574;1;1411150049;|9496|4294967295
glyphicons-halflings-white.png;1132497828;1;1374906998;|9497|4294967295
glyphicons-halflings.png;1177048811;1;1374906998;|9498|4294967295
grey.jpg;697496204;1;1410883837;|9499|4294967295
grid-baseline-20px.png;1987188750;1;1374906998;|9500|4294967295
heroAccent.png;3779317737;1;1379529836;|9501|4294967295
heroAccent2.png;567560287;1;1394224848;|9502|4294967295
heroAccent2.psd;4138836525;1;1394224834;|9503|4294967295
heroAccent2_OLD.png;262887117;1;1391553574;|9504|4294967295
less-logo-large.png;1370617456;1;1374906998;|9505|4294967295
orderedList0.png;4180464703;1;1379529836;|9506|4294967295
orderedList1.png;1064765992;1;1379529836;|9507|4294967295
orderedList2.png;3651132368;1;1379529836;|9508|4294967295
orderedList3.png;942056208;1;1379529836;|9509|4294967295
orderedList4.png;2398055589;1;1379529836;|9510|4294967295
orderedList5.png;486220613;1;1379529836;|9511|4294967295
orderedList6.png;2475604284;1;1379529836;|9512|4294967295
orderedList7.png;3320776947;1;1379529836;|9513|4294967295
orderedList8.png;1454142012;1;1379529836;|9514|4294967295
orderedList9.png;341986462;1;1379529836;|9515|4294967295
responsive-illustrations.png;3946375738;1;1374906998;|9516|4294967295
